3000 2887
40575 17097 39585 7179 24445 73485 74035 18454 6417 51384 11867 91323 11021 40933 60177 68245 89449 53526 31753 32323 21624 59722 98045 67532 46075 819 83713 3111 40582 89276 85291 34629 79633 42495 23682 25336 59222 94217 64194 86280 52238 74347 69184 3057 92322 73714 59876 45364 68900 13793 27585 57563 20742 65304 4723 4618 82982 30403 85433 89758 52301 5820 98122 2049 33110 72288 48680 71922 63734 27591 60857 93470 30988 11013 93825 99984 62015 79585 45848 40304 43715 98459 46825 23145 82185 51136 95495 26026 6160 56828 85251 58343 29583 77507 51502 55022 40458 63572 14093 16919 58772 28526 68582 60410 68019 76342 54617 48276 76859 75598 8639 44430 21481 25831 46723 11273 62975 50453 32350 53590 17393 35339 51197 40928 68537 6391 48214 72100 61621 35590 51808 38618 76583 61353 3480 73786 11128 90564 27108 95601 61495 84997 1450 64436 62940 40521 67243 60725 47716 43704 4044 4776 80144 48943 75080 35940 10021 13205 41133 91972 32729 10498 94419 5051 54966 74077 67858 11118 5284 91189 94327 78783 72350 96847 65401 40068 80305 6557 519 90732 8485 79136 73055 34405 14021 27679 97381 54596 89176 82196 85412 17192 14588 90519 17542 95322 53601 62499 92679 91414 63099 31746 41244 69873 57103 93462 11097 42762 82754 43065 13891 99166 87008 16094 11818 89820 53138 59708 66083 65040 91440 76672 33536 25935 66188 67065 37375 94716 16438 28509 40230 4965 5627 82585 80390 59171 18777 71999 68318 91526 7010 10507 32101 41074 12875 1848 59675 72960 96926 73927 77013 96181 42629 28162 19428 17823 24962 27057 32226 83750 91236 85656 45769 20284 84320 46269 85289 88389 29749 3056 48896 78452 3565 93590 36712 23873 60861 20191 5649 69352 64308 26967 13628 71619 83625 75580 36986 53267 48492 82494 92807 58286 59633 5516 31234 59502 8990 84275 97634 88988 9304 56462 57222 28633 9176 64739 27613 37036 8002 7103 17473 37869 9679 14704 52866 42649 29936 67690 60336 11442 62 70177 17960 61574 94446 84860 45396 7386 170 31961 41135 36204 39018 15997 21753 585 36919 63314 54204 88908 46630 75883 52020 81169 52324 79425 99038 54946 88111 24708 49951 19937 93624 17237 55630 78156 61855 88212 47299 11617 38346 42146 31727 46951 45333 53072 67957 70825 96699 44670 54743 78413 87085 42465 30558 47598 8074 85175 40950 94935 21195 44999 73395 28956 89286 68741 83068 25237 62538 43617 94 68285 90064 85444 14185 1501 56774 97218 57848 89788 12061 94567 71183 8264 42005 76157 49003 48743 45031 26264 73074 26328 71647 63157 15316 57437 3345 50138 45810 53341 18668 75429 72522 76461 48541 52310 34480 22827 27269 69883 78914 46793 56108 87453 55903 97654 71679 31541 79777 77347 8611 4728 18309 59280 15453 21174 58697 3976 39940 85158 16382 4145 72004 73185 89614 92416 93443 88602 80155 36972 22077 55318 25162 17371 72056 90320 94413 49357 1351 36517 61658 61370 12463 18939 77674 84050 27314 61310 66345 74531 8747 23199 17272 26460 20474 36940 98977 1825 81806 13074 69754 25327 1319 1020 47240 38179 1339 21839 9544 55026 67246 30568 29756 81854 60703 10832 39845 48726 20204 3865 38627 40437 63724 41428 13022 85595 51877 48991 35770 42810 93578 8925 10504 77366 27589 87960 77352 64481 20865 60423 68430 18764 98215 46126 64919 3758 33585 36983 25592 97297 91968 5388 95380 87898 4951 20215 42118 66840 58603 66352 85483 6599 56436 28714 69203 18672 71912 53031 21612 91413 7054 95573 27239 11738 48523 42465 10866 26251 41739 77534 35645 74708 37682 61550 24039 3308 43369 57373 25599 47656 39426 81034 43445 82829 31728 5445 17332 92925 42022 28478 18867 67344 10413 92438 25778 25674 64289 93901 98668 5086 70532 26429 29552 48137 58025 386 50495 42243 44760 71465 59062 52505 87493 2854 23813 5561 10565 36650 29837 65989 43766 1585 68513 6610 19320 94912 38674 22463 11577 38490 30865 87406 25060 78928 77415 59765 4546 51981 1060 21425 79038 39216 21793 98647 89083 29665 2066 3071 23150 29176 98733 44676 37067 35709 78448 49855 85578 42488 23949 29965 85226 7042 31532 9605 28626 56040 7916 54293 94760 63642 81305 58715 51186 51147 16384 78191 34242 86517 39665 21853 88 70477 61633 97867 73753 25267 13619 43001 60233 77379 79532 26254 47377 21123 32788 94390 84304 78155 40036 68040 77610 77192 89027 99850 69336 16416 81277 36422 82928 72053 26989 5162 67903 12326 54491 4559 86689 73397 62206 94601 91612 40269 83862 86254 11779 60763 87976 61076 55213 15905 73708 63418 32973 16581 85064 47294 71380 191 16578 42592 8631 27289 57840 92653 68851 49604 11423 84683 56055 78438 8533 18471 16609 96519 95540 56913 40186 69713 51994 40153 39453 74908 78568 61745 45128 71805 20933 60360 50245 33095 35072 65138 24957 10957 67340 83406 34728 2309 28747 10824 6360 95914 44236 33555 93103 79466 14723 63923 64623 77199 30346 79359 54497 9739 36746 71015 37255 17338 45300 95418 76076 49519 93636 80655 68227 92241 6302 58269 15964 62510 9098 3493 49277 93533 65144 75912 56419 99301 64883 12161 44535 46415 85763 84495 52427 23835 43765 86727 67576 44312 25367 86391 81333 5935 3452 54962 97517 39178 56810 58132 89549 56776 26126 33471 21109 5107 76800 31011 80678 9175 88705 35793 96074 61774 59925 79904 66205 8520 97748 71076 30036 77285 43927 63301 25606 99825 65217 72306 46559 17536 90432 72546 8520 88128 41679 26069 53809 1277 54618 20715 27742 40967 15438 82230 17341 35332 97016 31788 2180 90107 82810 96163 82531 92556 46892 34369 34283 23669 34678 39206 79966 89082 30352 59981 92325 49538 21731 6402 80716 3984 51191 37044 33205 96526 43357 71249 49392 41394 17990 10859 10697 54676 61562 31279 5503 28404 50926 63281 93322 57225 64774 43468 13473 60520 29033 18199 79837 74004 21808 19639 90185 74687 26326 69940 3983 36198 73972 95335 68369 93433 26124 5130 96009 21510 10538 44336 81459 31792 31855 26701 5530 55857 7554 347 31770 33841 28872 2483 81777 64775 29847 52857 83484 46083 69697 94367 5258 61152 98816 37957 48452 69657 2067 95704 41489 9076 74117 40365 2123 80363 66528 16189 53925 15502 11940 71536 25171 86638 78211 74792 19838 24452 82111 2843 37102 48533 74244 39566 72825 16933 4230 64809 3379 34175 73199 6342 11065 91095 93378 7630 84447 2392 52498 1716 80291 3001 36691 41426 7147 90220 72672 16341 1546 37530 46575 88322 82337 96388 84769 19683 5463 10791 10452 21210 13927 55453 6019 24628 20283 77315 27564 78645 66251 63952 77965 20167 63451 65195 2126 86187 25857 32623 92892 15577 21538 95729 46493 43353 66211 41431 6565 65542 97571 51442 68468 57626 15657 22549 50652 65758 50610 54192 27069 76058 53605 50417 9267 52110 88903 71705 68023 18832 75883 98786 84246 84643 17111 93297 12629 4155 46106 35049 44917 66446 48983 26131 36048 6995 39112 42930 16944 53158 61060 83202 22687 59485 86444 12660 96740 42197 22628 666 45476 29590 90152 57894 71413 20904 20121 33020 11339 27891 49176 89431 31515 15451 32407 8430 85146 56322 90462 41441 50157 26858 34142 26756 87464 73802 1501 18162 75315 78423 56370 27876 61050 82828 7675 27577 61634 63554 46859 12912 32536 68365 59487 32324 45593 12169 96812 51153 63518 60351 35364 36679 65865 22161 90656 91413 90452 65854 77797 53248 43717 65331 23907 6484 8365 3989 36776 79034 17893 70187 6518 50272 80742 31721 32557 81474 41104 70701 44778 14821 70536 71346 35540 78683 66965 11664 21099 40007 43278 7800 90747 56717 40154 11505 56391 68262 77396 119 10700 94708 18481 54927 62297 15209 63340 97583 26110 5292 92828 46017 19998 25233 36873 72183 25639 96781 55503 2891 66837 69336 11588 37800 64521 91982 39787 59505 47146 35494 30117 60538 20087 20487 28350 13750 11154 33301 7631 32264 69539 75195 30601 92735 52435 21480 22189 27837 87045 11661 18189 91570 67273 47934 15534 19917 20958 64729 42240 39511 4540 3987 59821 92112 97718 17212 97851 52009 10644 81708 80665 18706 78676 70564 22087 81498 7314 20308 52064 62965 51087 73375 31863 22173 78579 66715 77460 26987 24030 8607 87709 34916 51693 7584 46565 11008 28748 42936 92056 56547 43260 43545 7921 77233 92423 29174 60597 47957 98277 17131 2986 18781 47980 74002 22484 1280 23748 58333 93438 47498 91371 1485 29900 15867 46245 81067 78402 14226 55318 91753 71422 6141 33176 65413 31484 60183 38402 66699 65872 9868 21690 17584 95323 14806 45551 96934 55626 74612 55824 87842 20404 79807 48066 86723 96722 1766 17949 12822 86404 77321 53044 36042 44515 26355 55470 40721 44503 66327 26897 91766 5032 49783 62397 51176 2078 88089 47345 15636 84519 14114 79646 28491 7047 27963 18314 37909 56247 63638 6376 47919 48989 93200 90117 28253 92818 12842 84241 24544 83669 38353 69909 79673 41520 42734 48236 31866 79278 92293 34798 36981 63369 91711 6977 26091 58403 5392 28793 24188 6658 73161 22773 66978 33372 11899 11415 86341 70665 25386 54040 52054 2381 22935 24438 53279 89448 14358 26063 46169 52132 43605 49946 31160 98643 82802 10638 98746 8941 78124 47708 29907 69126 43748 62613 59520 45265 75480 24203 40834 72851 38289 88065 23919 29281 88184 87714 24401 2990 50858 156 12486 80936 43208 2299 47910 16610 77934 13112 91785 14204 85998 90035 62640 84201 60772 70047 2089 43096 2420 72132 51491 77482 21087 25087 8788 64530 8357 12033 74337 76426 92151 92801 48681 53658 94018 70088 57135 78093 92187 77817 68576 84662 85188 79036 665 65801 74414 27164 63843 85249 18128 38898 85829 39101 79360 18180 14798 31184 62964 54557 87773 25914 12331 86665 38370 81555 78497 24721 34032 29992 61098 96588 58609 98043 74455 61435 45779 59912 86455 22968 19039 78710 63063 87950 5763 5531 46553 11988 34965 41939 18776 26160 9053 69823 2912 98371 69083 32731 56760 28872 59888 9024 33900 62950 29125 80696 44361 87539 99841 5731 10418 17519 19690 24108 55412 19720 69507 69625 63487 29830 56595 81774 32102 79858 81039 18276 21675 63231 58914 71308 29786 984 76290 49835 72584 22359 98233 40162 44970 45518 52711 17852 17496 84563 92342 4370 59775 6674 87822 62885 32491 57379 36961 45545 84023 67880 65035 97559 5095 50927 34386 43665 28847 45585 23902 12527 18909 87949 79311 95594 23006 37616 87374 83685 27297 25340 13244 40420 33959 6542 11226 50510 12725 35573 47754 24061 77761 90800 15509 76435 98823 78502 31452 60670 32276 75895 15092 97912 42080 48076 92135 66698 5094 16057 25723 55277 73225 59295 21852 49924 88173 38451 38218 21403 76111 78980 10252 74228 59281 10394 87794 21572 33528 97704 25698 25495 8628 39543 57136 2296 91482 95450 15726 75393 28055 76126 24674 56696 49184 45732 64250 82637 86796 52303 53366 49652 69745 73976 92504 88293 53384 4874 68810 96209 58009 68639 95713 9852 27975 6631 98375 14862 92187 6705 75662 99578 26923 40522 67793 85052 59193 65626 11769 21838 52589 49781 82452 83174 63792 29166 78588 56043 97267 63714 89376 85685 3109 26230 64446 86465 79568 71892 74194 67543 1092 55192 90287 81385 87883 96728 32228 34503 61078 58417 74761 76060 90939 90721 24417 19806 73229 44752 82086 72868 57380 16780 37087 30059 11402 93892 56544 39628 82312 44179 64218 85195 79156 49152 80804 97996 67585 74739 37864 40103 92536 50082 42756 28940 25602 6547 46053 30728 1643 49828 2972 41508 99474 96750 51736 33500 39388 33062 83138 25319 65959 4888 64932 38761 25268 23618 4820 1743 14375 48688 4411 47676 872 18656 73213 46396 90398 1052 43155 75268 32017 2049 73489 1246 46872 21633 86003 13344 91530 99655 95864 65298 43834 19487 17126 57279 73964 15968 31262 15342 8595 8653 92903 46941 44178 41174 95410 3159 93503 34521 73700 91778 70652 97016 69305 54971 68190 52447 14712 53473 93614 49470 61424 69646 37379 87934 20934 52464 35526 15226 62106 74513 56581 73356 86948 2649 26689 96906 88081 27254 46390 51674 76205 5007 15481 25958 88877 58197 97373 91074 57550 79857 18445 39966 30180 90677 66834 18851 1915 12439 7433 56002 45619 73118 65241 40501 37697 96358 85731 38733 77335 18363 86541 94914 34608 47310 77888 64746 94904 52229 67803 16967 55602 36150 62674 53970 44023 91850 99114 28995 91404 16177 23877 46007 19906 10465 71983 45863 9973 38875 25973 40767 33388 72595 99918 58535 14184 8210 31541 76581 24313 5801 15236 2783 82394 31295 21186 76819 41481 60264 93755 89076 39124 84488 79926 32477 54282 60194 85484 13278 63558 23495 74788 45038 45065 67026 42859 16173 41233 67529 23447 2651 1646 5782 66128 73490 13681 78682 72049 97481 18429 36686 38955 98210 28473 39614 47454 84186 84671 2752 27552 47893 90827 63204 24276 32109 10632 54554 74296 1816 18458 69114 25033 40796 46552 28834 72708 13474 44873 83003 36079 52344 44819 63137 19311 64919 83334 8912 97795 65598 93862 4208 8197 72130 84908 32087 93269 696 26464 65472 84594 29974 1098 25015 51910 56134 72867 90928 49166 39493 63128 36951 39437 38134 15962 59688 60950 8077 12896 99192 88164 90191 42528 86082 29429 64697 56730 82858 25527 88983 48119 87066 32680 92118 63329 53170 74157 88075 31630 7434 17730 52978 97660 88526 206 62233 64228 37299 57332 68356 7578 9214 32178 97928 58761 6926 34936 91068 71250 69043 39044 97241 26235 7402 8359 85654 36739 85647 54069 55038 39618 67603 53871 34313 7981 12341 68038 40453 73780 93848 85239 46868 25005 46004 39913 28063 75791 45531 30837 43874 9932 4767 94252 82735 17900 75007 52014 4863 53218 94129 9511 70749 71870 28521 30925 12434 89765 25220 60153 97348 8838 77660 48369 25765 41963 90383 53220 26721 10468 67639 10277 2376 22876 21507 72820 58081 93418 83980 98215 38082 51629 99585 57071 86665 34266 80125 48652 19915 45650 70195 55423 43878 48212 74767 55109 93665 98728 43768 67584 11963 88931 61743 80553 54277 33514 4511 86743 23119 86514 9825 35584 66004 87014 99054 74855 37877 97340 83856 82091 22443 94290 75433 32108 82037 86283 58919 89452 83381 66645 21738 15801 91692 3372 15242 11934 54571 3025 43762 56646 97339 58997 9610 77015 13934 57613 54613 62911 86159 66434 56384 31909 59190 72889 67737 54932 65687 8928 48520 66584 79179 56763 3360 34137 74382 92995 43261 69221 60689 76021 50050 88670 42153 42620 82822 7586 69866 35110 2845 7296 2343 39866 901 44821 90595 79914 34473 76937 16255 75089 46437 56935 42928 81061 9644 4228 76693 1779 49072 43058 70510 74089 62275 66974 25649 99014 47333 12873 78872 23555 62636 50600 67388 65557 40389 9027 95966 87939 578 58162 66434 77642 47301 76857 60206 67595 83545 42414 84809 86347 17517 34754 52010 21279 73275 54532 56279 32798 5708 71750 62122 48184 3330 45350 61422 25793 35337 35162 42654 5682 71776 68964 3392 43576 40001 81261 37374 60407 39225 51951 28314 6672 71451 32257 13365 82158 82331 51932 31482 68940 2111 15256 68091 5104 74925 22097 81870 52261 67410 61788 84867 11877 82021 18586 94088 70347 80643 8608 63776 60097 60173 92696 28842 98428 18441 79301 68228 59643 98228 57963 22898 12929 21696 78157 39220 37941 30824 57501 49235 70924 29808 74642 40682 32588 1835 38922 89522 6723 68569 3748 22359 73030 39258 81676 77242 82899 62104 58339 85206 52777 50404 69582 14337 17517 29345 64472 81141 97989 62673 7613 91241 50072 34990 430 96717 81454 62062 37966 33705 75816 19920 76672 26773 23752 44937 54010 93801 99835 4416 40832 45210 48148 99612 80637 61932 9548 39328 28606 31131 7495 37601 95307 919 50368 16392 30785 21315 4363 20819 29634 9884 2412 86032 42342 40232 70812 47638 98175 82252 50891 61712 59151 2372 63223 55479 20719 39991 59562 45602 81305 82255 9214 41883 33529 39341 52475 80926 57347 72710 260 84643 79094 76740 90201 41763 37119 94515 68002 77757 3755 93773 82105 16081 36438 41797 2183 49088 11414 69041 33777 83256 32180 34637 88271 13630 89234 72952 18962 63533 93356 85195 55832 71435 1328 77494 15591 96552 33553 75786 44075 50404 49627 7144 59696 64813 60115 24826 23153 67224 56301 77303 64026 63551 34935 17304 64226 45856 69808 80803 18090 72166 80951 10680 69154 37420 35345 28131 99639 90257 17168 46757 91695 50113 88895 35060 16580 35973 31829 67811 10683 39788 52945 64314 44209 23757 58625 44144 32414 40727 58118 13552 77313 16060 5386 88410 92239 45934 55933 67423 42193 95608 73590 12998 76371 70822 11918 77450 95726 10488 78341 49460 73607 81658 83702 78953 79046 96000 79418 86406 52789 55950 26846 79288 77823 44251 7028 17117 85742 77454 44970 71710 99922 5446 58119 15969 10423 25254 20013 82205 49642 66262 69281 70311 30553 19732 40738 39123 55059 70384 94267 66020 68606 52752 23149 66642 58342 20170 95069 81922 57912 8776 35797 44775 87458 90607 48001 74932 40079 98438 10267 91354 19835 45093 10126 86975 24582 60668 38688 84939 96913 24583 33409 65015 22356 15506 48870 53943 92707 22825 53231 6551 59424 24219 26553 59222 71658 54797 17717 7443 69760 25735 528 6418 50785 65630 96134 61529 18333 82784 51743 29729 1271 45147 23710 5577 16375 54042 44481 45322 34566 29909 72252 64807 41714 17747 25323 22772 79525 96457 32206 93148 63549 54468 54809 8714 6766 13813 22493 97309 84259 70504 44289 27419 90501 71668 7178 89343 28909 16405 56818 97164 85846 90225 86380 49067 35606 96973 37819 78204 13697 43253 71211 15571 5540 46164 6437 36621 29791 84715 40706 96716 24209 77152 8295 26753 43296 72881 23765 90542 98779 12128 43009 48659 43508 82043 43610 80518 28466 14184 80817 8140 10833 33330 41832 3221 70727 50220 34979 76093 46249 15976 36786 33253 15227 48145 8871 55700 92937 57815 21780 30877 72185 73685 55174 29422 18600 8478 97262 45583 82048 28887 84818 67389 60919 4114 36427 53882 77676 48029 87661 57387 72605 15307 94515 12488 70553 42959 97333 26579 57335 15479 5353 32326 49608 47244 76081 61642 74288 17552 36963 57434 6984 34667 31714 54089 90505 93836 21810 16640 79947 84751 57353 7980 19057 99714 69538 84480 15525 13407 19275 7712 75173 76860 76986 23865 38683 78114 73414 63442 49023 21989 73910 64366 97234 33689 50994 34901 8989 1003 87276 3198 1887 35777 330 9250 44690 98543 93618 59385 33635 48500 60191 16409 82035 78589 6819 51407 34385 7295 36019 85987 83767 56868 8998 70837 19424 37216 56209 91318 12338 15271 58314 21369 68355 94124 94037 55991 31602 69126 14335 93796 33944 73700 82152 87770 47470 15069 40559 26553 2555 90242 66211 31704 76090 61887 85711 41310 12186 17101 40649 98845 30385 5384 40117 38119 17592 47556 28844 
588
446
622
529
577
668
374
194
6
757
1481
181
806
791
682
1400
459
81
389
1168
154
15
276
1204
45
1491
196
363
529
9
112
1425
110
702
523
1119
299
171
473
485
61
5
1039
1195
805
823
251
413
422
1145
921
222
1466
71
1125
532
1149
916
44
1383
951
56
603
155
21
673
772
481
1443
150
679
670
850
1131
317
779
396
1334
1012
1249
1398
1085
927
933
1201
460
1277
924
385
347
477
1380
612
1219
709
1344
1451
425
972
205
1439
434
159
621
1348
335
450
31
64
60
629
1171
804
1497
663
869
1388
1201
97
1029
887
1420
812
984
19
294
507
1047
1433
597
360
966
714
681
1218
1187
713
1281
884
43
1380
1299
290
936
494
182
986
1412
616
1260
331
1189
973
964
637
48
1322
1470
506
1247
1101
308
963
1203
673
515
1377
1254
539
160
1006
1274
1477
884
1141
476
1195
1469
838
34
1472
308
1048
1143
430
1201
869
42
463
34
433
739
667
884
573
14
1147
859
1014
1122
34
1307
622
1412
660
1122
997
1275
54
1057
1073
1075
218
1318
1386
1272
467
393
75
28
1157
1347
1418
280
549
575
1105
812
902
1057
566
1460
596
923
67
555
156
923
5
787
569
147
1422
702
722
743
1091
826
529
686
506
835
842
664
261
1055
718
1411
681
946
1433
1317
1475
342
960
659
1168
291
392
1457
928
1400
380
1243
225
1003
1485
646
1048
23
247
520
1256
1478
1500
927
193
1396
165
1095
102
1187
1296
1023
943
763
1111
1248
548
1071
1105
389
619
1196
369
3
237
522
1259
112
706
626
813
498
1154
678
898
995
1051
682
328
307
110
1219
205
1014
670
473
886
1376
1129
210
10
1287
1392
348
901
484
855
205
706
493
54
577
796
521
1402
643
314
211
982
1146
925
24
270
1284
743
58
513
1444
116
1405
11
189
875
164
677
920
723
681
314
28
1039
119
791
685
517
1201
105
1151
734
1030
610
278
6
1152
1102
860
1209
211
697
413
241
61
1076
1415
495
950
1092
1453
286
398
1200
1042
264
315
917
888
556
1436
792
544
1191
201
536
1145
554
1048
1004
744
813
644
1423
709
1113
442
1109
110
957
1047
1305
724
234
754
175
793
214
147
309
1143
10
863
771
1290
914
1000
695
573
1150
1448
855
131
89
1421
507
970
705
104
54
1274
789
324
1422
156
25
1117
340
332
834
168
379
761
306
1472
1396
1091
420
1363
1312
1317
1270
887
344
1493
390
927
132
592
416
992
433
1394
509
365
678
344
1136
1440
582
737
457
236
637
265
1139
1248
601
787
1349
1173
1011
590
362
142
1445
323
1283
805
839
1481
1312
1129
574
1492
979
43
308
1140
170
1142
183
1181
350
901
478
746
1283
1390
1352
889
1127
953
776
819
231
1331
460
1417
312
345
496
1187
15
1414
1034
1012
776
202
823
170
714
31
35
1100
888
1052
365
995
609
7
780
75
1152
922
1236
294
625
117
259
1304
777
1266
1341
561
1167
536
369
824
155
1332
572
987
226
1120
1410
60
1361
758
640
335
1264
1200
19
115
918
1348
503
157
1392
1002
1188
481
626
1058
1223
1348
1377
1464
209
282
747
1146
979
778
79
1186
576
11
930
1365
1283
635
460
1176
1001
334
655
875
1265
1247
661
156
1459
1490
363
516
622
1488
1287
1451
657
208
224
1230
72
849
548
276
364
756
10
1322
179
530
1066
596
827
1256
180
558
1124
658
400
841
152
1378
652
775
639
534
107
366
1212
861
23
1496
1374
675
722
195
998
13
1396
369
597
897
560
1392
568
892
564
415
1024
898
244
937
776
10
752
1378
426
886
797
29
794
119
526
838
882
47
298
479
924
1383
519
1006
833
1149
684
741
331
414
1434
1284
1088
181
461
129
990
1471
1181
986
97
35
9
1037
801
1267
581
347
552
1011
602
1308
450
944
853
744
58
1172
688
1118
848
852
830
606
381
1350
1479
224
1399
609
1119
77
1027
757
766
550
811
1250
368
1495
635
1178
282
879
660
116
528
812
1335
620
951
241
435
318
341
1485
296
806
1428
42
881
936
116
1496
837
1334
38
535
1192
787
480
31
1285
653
965
483
226
1001
561
681
155
1199
354
1298
1307
268
520
952
196
1386
914
195
1219
827
1242
58
1396
1055
741
212
1284
805
191
134
244
97
1007
1130
901
283
1073
521
1186
54
1493
337
799
64
118
1363
745
622
309
679
1133
170
632
1158
167
448
1259
945
1317
1025
861
1346
369
13
79
244
1193
636
895
1291
961
562
87
948
678
48
1063
1242
136
471
617
1048
1278
196
29
430
1470
217
1375
1098
746
1090
685
1320
836
1372
128
328
780
485
639
462
1280
589
1068
411
363
297
301
1253
72
679
834
831
714
140
892
673
1439
1186
1450
277
637
594
159
573
415
1398
256
569
562
1352
608
1410
943
1410
1498
1170
730
972
1351
12
275
1155
1012
1125
896
1049
1434
868
627
522
367
132
1346
1111
1354
696
304
207
195
381
802
556
1377
229
838
921
592
1406
217
836
122
74
836
92
1430
612
566
372
1118
49
396
859
13
959
648
2
697
697
1131
1214
1291
112
1332
780
819
361
1033
142
368
955
37
239
1493
201
767
1151
490
1417
373
1478
719
447
860
1111
177
552
13
1224
111
380
962
397
955
1272
1461
881
636
296
400
899
571
145
152
19
1269
282
52
1231
124
1050
1097
249
26
159
297
1423
1277
141
230
914
1136
489
1224
718
998
349
764
81
1499
859
1233
482
184
997
753
721
683
864
1456
527
907
230
1199
1030
697
987
1414
1049
1444
428
1071
36
517
73
1257
107
108
1093
1099
1295
898
930
399
910
183
944
1133
323
463
817
322
808
1444
639
1248
232
1142
88
57
1102
808
698
834
282
1057
248
1022
830
920
1437
947
771
1326
839
921
757
509
255
992
422
160
1235
143
871
84
1018
1379
673
1242
1191
1342
1057
617
199
891
198
76
885
831
1274
190
812
543
615
654
805
323
1051
1228
408
1042
1157
1209
607
1411
942
424
473
990
758
784
590
83
12
1233
682
1251
1229
546
718
419
438
75
669
1038
277
1377
646
266
1183
1342
1215
295
540
623
526
296
1474
368
874
1500
1118
149
1499
1155
1030
822
395
1264
1270
755
98
596
773
597
673
1459
90
494
482
899
1231
1229
1224
680
455
254
879
1082
1490
1333
742
759
662
879
1449
435
1473
220
62
1013
1115
1421
998
728
979
980
1109
747
5
988
879
419
1447
1161
1076
1450
1122
1155
1439
37
1235
1126
309
774
1156
921
777
961
629
1499
232
275
511
931
1453
939
950
891
62
272
25
394
42
7
203
422
865
1062
1220
803
1142
875
474
678
756
641
614
1181
886
814
1013
1482
1266
852
627
1358
1355
906
46
798
917
104
254
215
477
466
1343
1196
1411
354
737
738
1208
168
604
1149
1183
609
1314
1188
1001
629
536
851
1275
786
1493
774
805
1434
546
472
1410
168
707
252
1371
213
1035
63
1322
1377
1016
634
928
700
742
6
861
1317
1306
416
324
226
448
635
1464
1477
286
1065
1316
1488
928
272
1247
539
145
1102
1400
654
707
678
27
1213
1288
608
1406
1273
1181
948
676
338
1310
291
568
609
451
1268
814
1155
324
468
447
1198
870
562
915
1197
696
216
186
17
415
544
870
278
379
1440
618
1436
1264
1258
1153
1144
580
1170
778
784
749
1400
969
165
626
1167
179
897
1370
1398
1435
1151
612
796
1406
1363
626
725
536
12
842
1494
198
1453
1007
1069
971
1372
724
15
564
1151
1303
1144
930
1337
33
458
487
369
1225
1233
1031
1341
780
916
959
1109
5
1441
1063
336
1039
1177
365
977
1062
504
1157
567
380
94
628
1015
1178
1339
97
372
432
938
915
110
709
477
1353
312
672
467
168
117
1327
659
1447
470
1264
734
939
1048
597
829
509
909
199
689
397
1465
8
1491
377
758
1025
70
1003
80
1313
518
636
1120
888
1079
680
1069
590
434
700
654
20
228
257
96
463
304
247
955
1469
199
468
557
471
1497
330
810
932
368
1110
373
531
675
585
1099
2
1356
1409
384
42
1021
952
975
430
225
237
877
1341
653
1317
797
267
579
1066
786
966
1413
845
1358
1201
1485
854
1067
537
477
738
810
31
325
1387
661
790
495
249
551
1419
1052
22
418
1425
448
517
1476
858
614
738
280
159
1008
1166
127
1151
1167
304
1469
469
975
771
1269
801
937
326
121
1425
585
418
1425
1074
1047
1451
544
1194
812
384
13
65
1191
1024
745
1043
672
202
623
294
1415
1006
1485
1209
1203
1155
1404
1347
1038
1443
1232
325
601
839
694
1270
671
62
744
107
171
1174
154
110
341
640
702
904
1039
917
404
925
660
391
913
1475
244
1291
1253
144
1281
1448
935
988
1213
434
1341
92
1118
399
1475
792
39
703
498
911
517
306
841
1320
440
664
1394
1179
1257
879
1302
1205
20
1472
869
983
569
186
154
408
957
935
1414
1105
203
120
927
311
94
157
1109
1306
964
180
1131
924
1426
947
373
455
456
110
357
375
901
1252
1210
172
1319
911
673
95
161
520
596
302
1406
886
430
64
317
335
217
1033
881
1267
77
488
974
281
521
1154
882
131
1228
1118
638
274
406
194
565
526
1175
37
489
1463
444
1332
411
1411
1006
1378
1102
1188
1443
1451
958
135
85
164
915
562
808
1082
1226
417
1087
121
397
381
1377
355
82
1430
1235
1107
270
132
1212
186
31
1149
22
1098
1245
848
497
1408
400
474
442
278
948
925
546
1242
47
355
1248
1286
740
718
658
657
402
765
1280
892
502
578
1313
1300
896
674
1212
714
546
404
735
969
1439
1496
1252
132
115
717
452
1333
162
388
194
1291
511
1136
793
1237
513
712
1374
778
437
1288
326
423
1438
1394
94
711
781
209
549
21
95
419
1415
883
1087
268
585
1167
1167
1496
417
37
19
1352
65
203
676
382
1293
663
1352
1055
308
99
324
1131
1104
48
769
1331
857
268
892
685
948
435
880
1267
1110
552
1233
898
831
508
123
794
568
356
1079
412
947
264
1135
102
238
1421
228
1081
491
1028
247
766
197
222
1040
1151
1054
177
1003
1331
1138
192
1464
123
1370
1456
141
564
456
431
647
1093
446
1456
1105
804
1497
1140
1316
1071
108
1314
916
242
123
163
1429
1100
359
613
0
1313
47
1270
323
530
389
957
1055
75
1436
817
666
808
1445
1275
1174
907
675
797
371
1255
1168
957
270
340
453
1148
826
1357
284
784
1351
585
936
1125
567
66
672
997
906
1241
867
972
313
229
768
863
302
1195
571
59
351
868
152
1024
1324
552
351
760
1030
1492
763
1400
181
671
391
246
867
1340
959
877
791
1484
672
1212
533
889
1068
16
302
1400
515
1307
320
1170
1459
1173
583
906
8
146
738
78
759
1391
60
1413
634
1002
1416
707
648
1234
1144
1146
1445
1280
76
283
222
726
1142
127
1313
833
452
210
319
562
1363
226
168
66
878
479
648
898
915
865
1447
210
690
1210
561
872
1197
1119
631
1295
831
652
25
92
1388
510
803
1384
549
143
69
731
1056
79
128
699
832
1081
1137
290
580
557
1313
1090
193
87
89
104
304
158
496
562
928
1289
888
123
624
1229
1471
1280
654
1439
1473
149
294
1321
488
976
113
1024
1099
318
427
542
445
377
581
164
34
1499
332
518
150
96
870
245
29
487
1041
1023
351
929
233
8
244
1331
403
162
810
418
881
1274
813
1332
477
896
1415
591
1064
327
1097
1121
1203
1058
1272
1358
530
699
419
767
1104
867
336
331
316
6
1462
236
370
124
792
317
433
1061
689
1101
131
437
1096
964
24
316
123
1025
1232
1193
1343
491
156
527
383
1387
1258
884
416
1066
541
1142
868
1441
1444
539
1120
176
120
238
1163
1477
561
918
359
239
1213
34
811
1229
308
969
1039
1019
1288
1322
1381
575
267
261
1034
1318
71
308
386
1097
417
1088
168
412
13
871
938
423
840
1277
776
922
339
963
1398
56
796
636
630
941
883
1170
1192
651
1261
294
627
696
1212
867
958
1093
36
658
509
1275
905
178
812
1310
420
839
1072
1149
1229
1498
1464
414
68
950
736
577
708
298
805
558
940
1410
35
648
841
952
512
1333
885
275
1430
32
151
127
298
1395
517
1099
254
90
734
64
1008
859
704
1088
1056
828
153
1337
873
333
443
997
839
1048
837
1416
400
1139
725
1479
590
121
1287
858
1484
797
289
871
814
1129
619
1082
728
1457
308
1474
745
1161
1086
336
938
776
1229
1292
1072
87
1324
1073
702
1480
147
556
481
1493
864
1075
1374
90
573
141
112
1324
1396
194
203
913
971
509
246
710
125
1028
1181
1122
68
614
1376
758
1068
104
171
30
274
507
1315
815
657
95
251
1442
443
100
727
265
805
316
1129
148
620
1148
699
186
430
164
1100
1082
1170
1065
616
1340
662
883
1000
1461
387
606
641
196
183
1193
1119
370
173
1025
301
916
1202
480
348
1261
622
446
950
1457
940
38
636
1395
495
1496
429
209
1068
180
388
1330
945
798
256
618
636
717
639
698
721
575
1429
1160
571
362
123
1095
94
560
1169
697
1020
552
320
173
844
684
1094
506
1035
738
338
698
103
410
313
591
568
1356
459
121
1058
570
464
719
892
727
190
1362
707
1270
847
424
798
1022
1343
1069
291
922
765
258
1220
552
115
1231
1088
449
1465
117
562
281
233
702
622
101
1116
354
997
509
880
389
132
72
1253
951
1119
310
823
1282
807
1182
443
1352
764
1144
281
686
334
62
1363
975
1176
409
1254
1145
1215
1130
420
397
1154
898
313
734
636
168
224
441
641
487
1411
687
639
1465
639
548
316
1120
1402
834
634
761
16
1213
145
637
1283
66
586
71
673
83
465
772
999
1367
1443
1037
877
718
1027
1313
36
784
893
1021
1010
597
765
432
419
867
1240
26
1471
47
1006
124
176
1135
389
1414
949
609
392
775
1180
1024
1168
103
1458
95
818
129
963
453
820
975
1126
914
796
1443
688
368
363
893
330
1443
910
1405
69
409
214
1418
31
907
993
621
1487
82
1479
181
1225
299
8
559
550
1047
1198
762
96
62
337
1412
1070
1178
721
98
586
693
939
617
864
514
279
702
1305
1367
879
294
922
344
1132
1251
1228
887
175
520
1183
262
1199
229
22
388
1464
387
884
1264
294
243
776
1192
552
686
743
925
422
951
1073
851
27
79
1125
119
1
734
269
1433
716
1261
1171
1058
649
1459
257
389
1288
613
630
38
1498
917
1086
1438
801
586
41
283
1186
24
1233
1316
801
2
169
714
658
1305
438
709
737
732
107
954
1198
1379
1028
248
1310
711
519
1377
1157
67
162
1100
471
632
1226
