3000 2904
43906 25066 17740 96727 1128 31423 15264 59220 38240 87852 39130 41581 37085 23966 54555 18652 18404 72112 27589 54077 23834 38291 66763 54285 71265 32507 83553 93200 26547 7128 65000 26237 99828 84123 57750 35962 26810 73294 51071 7983 51299 17374 72290 19998 10124 55636 79855 29383 24317 47854 53749 49952 50420 2978 53550 62926 98827 73376 1866 60462 5802 73268 79971 9969 7599 26358 74525 14630 51916 31618 26862 98662 11576 60472 10541 41863 17067 83651 53917 65010 35584 54406 47798 49530 24319 67346 71804 80738 56180 8468 25803 3113 72275 90553 68521 73983 54876 26750 1492 58121 49751 40292 14782 94766 55002 92868 4534 84045 89081 8976 59289 96863 71712 92816 51726 69299 72703 95938 77340 57342 60577 9985 65314 74317 98889 83867 54593 21164 64699 59131 8869 87897 6 26638 47613 78803 71258 78716 97768 31309 17302 58567 77975 59312 39049 69636 20766 11787 24015 30701 37722 27953 81493 34961 28078 60273 30520 36081 89471 50002 33518 55193 5487 84293 75601 74832 59964 43239 70684 49491 84538 55007 62414 60353 83719 33515 80609 29517 88748 59116 60296 7702 64571 13209 85693 94074 55060 85700 27627 15087 69779 76081 49559 72823 70524 79128 22268 76377 74756 20628 93577 50388 20177 79146 32127 45238 65121 16580 82171 84073 17261 11198 37395 43988 54636 17440 24318 98018 32938 42116 1816 61438 1208 88832 28033 46458 81098 33104 59440 22084 77295 2205 83437 4646 43445 56249 89638 7031 34242 4140 2036 65459 37648 44953 16890 31682 90339 41435 13792 10315 88646 96110 5695 77395 20817 69657 40919 14431 52503 58968 3806 49757 12915 15738 35549 830 70295 13458 48414 95524 48006 90458 30793 65295 85669 13233 55552 3732 12200 20296 88803 18513 41546 42744 43110 50560 77356 37629 80732 28533 6549 73238 70599 82048 8814 7242 47537 24068 38174 64776 36883 41276 39 49414 81391 39483 24989 48141 76282 86403 96723 84446 76750 5931 87410 24165 5398 54027 16771 2278 86638 75368 31398 91390 67577 96207 24624 5430 24731 46819 52921 11784 25779 16528 26234 60835 17766 65357 8254 41048 37635 49089 19120 49784 25889 43526 24999 40607 47532 30737 31033 85540 92811 43268 97479 26710 84238 86078 71979 96028 46195 16824 35965 58767 55719 66513 29737 52199 35793 945 62805 82302 78385 32146 41757 46170 86242 78644 60762 4538 95093 44633 59204 91451 85335 86155 41750 26682 66729 68985 21669 55882 29869 99180 89194 62672 10117 76769 19520 71101 79354 29953 92204 6863 4414 14411 2369 30188 30329 60070 51418 41819 26717 87691 2512 2507 8707 15392 21679 11137 65511 85064 62920 72881 14176 48025 23403 85820 3951 99611 17280 4474 15398 64419 30317 51012 35986 8675 81755 72297 37446 51250 31221 75470 7831 28985 72215 30681 77045 70552 21404 62877 14901 95792 43900 66489 8036 29591 25731 72367 67663 8331 86353 91959 86415 21196 60580 16932 88252 62904 96732 4545 78209 93562 36300 53002 75593 1361 94789 29077 16382 69444 98575 42410 23867 58516 92343 57658 53258 39398 24347 52640 11701 84845 95161 43599 12882 30479 37676 9673 71110 96928 94240 72399 36320 8847 2834 49732 38532 88143 33616 16491 40464 63921 18838 19109 78392 11498 88261 14172 96542 35652 59244 50523 93255 10771 74218 94514 51235 69761 21680 52001 18177 58246 60713 13296 54580 88333 49233 47674 40048 79135 55152 47123 29396 35052 60853 53584 3351 93727 16973 35691 31576 89637 76130 42568 81574 22440 43202 85850 10605 60091 96208 4246 76939 92555 6984 14269 80863 57844 9752 5868 34652 83811 31824 32305 85339 87542 65841 86608 37235 18511 92186 95436 10930 18087 4941 43219 50096 86494 55351 23975 57062 21034 46179 98152 2681 31798 89949 33795 29122 13318 19782 84670 22580 46325 98943 80763 6385 40446 27492 39799 536 25801 8916 82815 18664 54105 21276 35239 14235 53461 34750 2314 95634 60503 57660 38328 13187 78726 1336 73478 90700 55230 78620 27671 49895 12331 16474 9364 21354 24731 49536 2202 8824 14240 54222 70536 74653 85432 30104 2160 25099 5992 74308 45278 64690 3022 66458 92154 70753 36691 17027 40564 4544 73687 16442 5580 69807 6772 79292 91699 93884 32947 62783 91482 81295 90866 32511 79927 93732 87399 44245 39871 19734 4041 87296 37556 44114 77604 55400 22401 3361 15698 70577 77061 22180 55473 42658 49378 88302 96508 78106 67994 90262 48861 23120 35007 8312 569 62483 82043 93258 56687 25532 23713 44221 51904 55106 82041 35223 84970 37716 56249 4605 93433 58206 16828 11030 75448 50136 27439 88323 15372 40315 88962 11913 96522 8044 29898 49753 46276 50998 16152 95721 86174 9421 73468 65819 17067 65603 51417 20695 19035 91812 62710 49588 39804 80882 90715 51117 85191 68097 62086 44597 52242 16513 92942 61304 83098 32416 17176 84554 53106 82328 65383 22653 89254 97114 96297 54295 24440 24663 94354 99779 93048 30234 96214 70351 99859 45193 57302 39624 74774 83487 15297 83222 89296 97264 70920 43434 3105 91556 85452 54762 87099 33066 41626 92201 18344 26303 39184 19675 36503 59650 34032 89844 85463 56419 20390 63015 6747 90743 80620 29795 54420 74551 12850 67669 53122 12713 19753 79822 87494 86066 64399 23479 47964 39079 72202 81154 713 47786 45458 56958 8744 57967 6365 9562 55150 67634 6992 36866 64014 51441 33548 74868 37796 24210 80895 93985 88976 42320 29166 34170 74540 17777 83443 91013 11127 13030 21724 2163 19907 46811 52205 19319 99365 21399 39952 95034 4118 21307 11640 49088 92432 8132 25217 53284 80187 35550 62594 15983 49404 50051 23106 90232 54581 5293 91165 81094 5578 55321 79894 75309 76874 77107 59382 69785 30098 89703 78590 58489 56871 70058 62154 23875 19562 65422 64593 49140 19763 21157 26282 55306 92223 67002 8916 31796 3439 26432 20396 9893 82961 97017 11113 64371 73372 23946 9452 38542 86616 77530 63214 64844 13515 54000 2118 57188 84423 31032 52950 50114 50582 95628 75654 88558 35058 98159 85781 36615 50451 29115 87426 25939 46064 81078 94770 65724 80181 96409 31289 72254 20098 51111 93569 83700 21924 6244 61676 99795 24833 54626 17664 52471 73333 1147 25188 34922 79001 13102 64436 55126 42272 19858 80486 60527 65673 6289 5701 53260 73271 88261 57445 74017 55613 26999 80370 79733 93735 36580 9625 58611 53844 83970 31712 74687 96752 39426 58347 61396 54736 12667 97910 67830 28019 34378 86405 44258 97592 80114 48723 6727 21715 13576 87543 16223 37565 44328 68470 24867 51730 29144 4717 18274 65314 19697 70123 76808 87596 77052 58418 78094 27891 5454 39083 53124 36420 73211 23601 22153 88122 32697 77519 91319 11871 36986 71923 82597 22407 86055 32567 43915 1606 54853 46862 12146 83264 85843 99218 71794 17570 43838 44117 19672 91549 71747 56386 52958 45235 8573 9719 7612 71353 16395 15595 30979 48254 86465 43041 78446 69575 40995 17265 12966 48187 56805 29023 75643 28305 98025 96151 53772 37661 86052 5219 66160 88559 35916 62100 1196 40288 57713 80368 37954 33431 54227 81544 58252 4600 99959 7791 34045 82367 55654 11945 79779 92906 31604 35342 36442 73198 10039 39974 40201 11369 96981 91930 98612 82638 61361 9403 3394 77623 4938 43507 8807 29978 87959 9335 57808 19572 68001 20888 34483 73194 12855 5905 48255 31020 67803 70289 38066 64702 98038 97014 71223 2366 57666 45862 8425 36363 40152 9357 33486 36978 75244 83666 95522 83737 27554 93536 22682 18989 33926 96336 34140 47943 94256 24037 59879 59186 2655 51800 41356 55963 60239 17825 4641 51687 29769 28816 48129 8176 37684 23009 15355 83601 86906 33987 29192 63285 10604 95394 35742 84416 10151 30066 39022 99135 52355 93896 25248 37710 56961 57309 96217 9941 32676 34191 60037 92220 67588 1423 83870 12511 48307 19298 82612 53742 48272 13678 50737 96912 54005 31577 9207 65360 29923 70543 50960 15089 4958 21501 40543 13380 63428 97936 92798 28593 79859 12405 65641 27303 69941 4000 2845 17408 5055 93677 52641 99540 94045 38975 76051 98147 73138 58010 64226 6654 36671 34401 64263 80607 76550 58665 66308 20780 13636 99997 6101 29830 25713 26507 72456 29513 67470 68382 73397 6947 74933 30765 68995 90135 27512 34681 85803 86138 64794 25590 10740 66730 22609 15661 44268 67972 68233 62560 1010 11193 3818 37476 77277 651 41676 2904 28080 9248 38823 30373 65130 73218 22143 88243 7894 3647 46351 85987 4929 11134 89962 41863 54313 84552 60676 12045 27615 28011 7113 76971 58993 86648 2781 94632 64800 98683 20360 31056 88418 87760 54577 21143 37444 98346 27343 13009 46451 66125 45088 80471 19216 19805 79397 91474 6878 54148 60736 40039 73388 34143 90891 38139 99065 91616 57036 1803 46859 7399 96481 72266 18535 57916 31497 73658 53421 3513 44541 93416 10705 99721 4653 51924 88610 91717 43054 86553 27614 16516 57877 31159 15663 54089 14399 91095 19776 74204 36791 24206 31451 99371 97071 29924 92195 7176 63663 35832 62258 89729 44869 34148 22598 26989 47583 85412 56528 28490 13946 11235 97091 48687 80617 1699 17354 51782 47395 78910 1681 97194 27152 91203 47476 2018 53417 14994 57967 23615 27291 35753 35389 31782 57656 29931 10707 889 91612 30538 2179 84559 92344 16779 24760 85008 36724 98649 35722 64897 75484 87503 23352 21691 42692 40494 22379 54375 7055 25565 54327 96687 25980 19709 75655 41685 7194 12775 97247 19554 31545 39539 30289 88567 69238 88025 76984 62047 89605 15106 84292 29323 18476 74240 11662 95009 78163 56362 91025 25341 81327 44202 14517 1900 50095 6231 49249 28622 52047 77323 80912 164 72172 74729 56337 57628 41090 44365 87230 5945 23835 85818 50834 37172 27103 58827 58813 45188 83129 40820 87667 33932 53903 33547 70020 73420 4989 84288 64655 34233 66748 58435 32045 73770 18764 36990 91663 71010 17171 20570 15346 83060 76007 64617 33027 9836 42420 40287 67371 37254 5354 87528 86422 51141 26064 26822 54149 66629 82124 65278 90820 31154 10054 95723 67995 79496 52101 29605 83604 237 81882 82788 95445 56370 12452 82434 33305 14696 84843 34529 38197 71113 76901 21148 36220 95147 19208 14208 90311 28102 89815 60142 76235 50572 95487 92099 60194 3341 6170 13653 63426 17578 71770 16181 60412 78081 87102 56257 75755 87187 80033 68729 41626 56771 12566 7858 71324 91280 97079 69641 64457 59985 93787 44250 94911 31731 926 12297 67486 64859 31232 52439 75911 79955 65256 61660 48314 22779 50399 28433 6257 74183 12514 8678 96085 29381 53125 10156 57586 46218 9999 44789 5534 13153 49292 15159 70135 56159 90233 35829 3270 79371 29958 29329 55484 50623 43014 8091 69771 21505 56120 72327 82771 26681 6098 93230 97018 3297 64130 16861 66618 42092 95876 1404 18290 25507 48045 52615 27174 43044 89944 41268 6183 14333 3837 20539 33878 11811 1198 21717 41278 65528 80637 54678 48294 36320 74084 57829 17518 15176 44331 71876 61032 47722 93544 62661 58856 59941 48730 61263 67474 86965 59693 3323 33859 14690 10923 57397 79188 20880 28549 16335 69149 44622 69791 56172 83300 99404 63171 44922 49134 32863 7441 47771 79574 21352 23961 42496 2127 10232 5658 69735 20586 86369 23324 41855 98664 20145 93877 33345 53685 4435 99128 19267 24911 4947 69433 89787 54757 92731 4118 15171 51107 99514 3446 25045 21999 71050 36717 32623 83446 51351 96432 3606 29808 9537 43940 9997 93585 57312 31349 25847 38198 39547 12126 25426 18960 32551 36620 98759 39343 11413 29300 96311 20495 70830 94140 18402 87931 20044 9460 85291 95151 2553 23348 12587 69674 35935 58894 12464 13721 96316 36547 1993 36715 91496 55933 35534 40289 95864 32019 48232 94879 88039 15137 98686 77236 33297 17940 34828 98990 35732 15306 49617 6663 15714 33159 21251 5904 24104 18660 25644 61739 73910 26170 32705 1778 62905 17378 33230 62419 98367 17629 11822 37027 27936 5282 43279 8309 93651 43380 56715 31100 98801 68349 23039 83607 42220 5065 73127 70578 90212 2479 76067 45230 42965 78088 33238 82796 7051 62906 48210 82916 67507 63722 65031 53046 64390 60098 921 19548 74958 57862 70076 9619 37444 98109 12707 36849 69627 4367 31969 99759 47295 11734 21967 13951 32847 74084 84718 59360 73264 96454 6961 13880 15034 35161 21817 55596 39888 94406 64006 1303 77292 5232 84955 34216 54001 52771 33071 56090 80362 79206 98988 33657 2235 61477 58429 87638 25069 17607 68840 85720 16521 29391 40612 76965 49172 44650 48477 92324 15302 23654 21230 59304 925 46035 18681 80404 83631 43464 16438 97841 85687 35474 31421 28043 86242 62957 95657 1951 31935 98663 70968 88625 23673 66752 35522 97845 82091 59506 4809 56919 82483 98203 73984 19584 85588 32508 96104 90165 694 45709 10315 12399 51128 60975 82411 68679 77589 60492 79816 31112 40338 20040 53409 35082 31579 17629 58427 61900 79549 95143 45363 11915 74588 84346 44382 77018 21342 74679 20903 65376 12718 38090 71062 84340 76656 92128 63248 15075 89239 70931 62387 32160 26711 50768 59611 90575 21381 64814 22560 78431 78146 32062 21045 18930 80636 18519 41689 66313 21932 25070 16981 24983 88227 17208 80338 43639 61565 98307 994 13437 13064 8791 119 619 54426 69110 81768 27601 77541 21796 23987 80318 19777 74960 28520 47826 52139 17875 77409 93446 43149 87173 95591 13994 83368 89582 14078 58002 11094 2324 27718 17694 72058 26197 68540 30373 52911 95860 73992 10110 15519 83900 28267 94002 26826 73818 45288 79731 94036 77400 34534 42040 42353 22778 81890 53101 90398 9034 71828 44847 69362 3801 28882 30110 77326 57224 79646 85373 69040 37123 47695 88996 89936 23462 53591 7723 66661 12889 75643 4056 73024 39984 56530 41820 55902 57468 1991 88446 89400 25051 56345 96604 33633 48456 68671 47687 90783 88052 11464 5159 62444 37293 30892 83049 36642 20215 61057 47284 80993 50462 72925 38383 27868 14454 21847 75888 97979 21959 90470 28944 51822 17412 89796 36137 66470 32060 14218 6713 78664 86358 42786 86295 49078 72427 19215 14098 55249 15916 40156 73408 68019 1486 56799 52451 42168 39159 50554 84614 64703 69125 41479 78322 17715 90029 97416 39726 64608 18648 52631 56196 60034 79978 18189 18853 619 81361 97347 80116 17565 56955 87671 84896 43795 63901 81326 84471 60240 42430 63871 84690 10147 36076 2751 68610 10014 12328 90289 34298 84147 55980 25271 78086 10592 78924 28295 64724 27577 59658 28943 25503 18888 4147 26860 75484 71478 62632 92571 61449 48600 97326 45910 22814 40636 34873 52074 17175 8920 75487 41806 59602 53324 50041 94644 19147 20465 91896 98004 27680 24355 27749 62334 73951 70277 38378 67084 30333 13331 98003 92388 6614 72597 76852 634 78785 49034 56994 60869 928 81592 84483 68118 13683 51917 26522 93385 30641 79285 89079 1624 25864 42159 21611 28806 70208 67213 46148 52600 31587 60661 20163 77343 52433 7617 36372 99921 49311 83638 8880 58841 21108 98211 81379 90446 58884 18391 25640 16829 50540 97016 34929 73135 28160 38259 29769 43117 50217 9011 9397 16927 18616 24211 28922 28240 51083 76372 4894 66298 71655 9980 9084 7055 26603 26124 53429 86805 81341 79744 79274 45779 6699 72457 99548 58509 19000 38436 38609 83747 76126 36286 70962 4129 16895 39223 47459 34132 52722 74451 73188 10085 76667 26314 39715 62164 74884 49271 25026 99676 33781 89100 68906 85448 32441 66292 40246 72868 26959 73532 54599 82667 35922 81420 61075 4569 92856 75953 17486 84912 1080 77806 4592 93363 55219 41988 1868 11260 50670 60365 23468 54388 684 65320 93682 68044 78307 59207 2330 11730 25821 42090 27364 12378 83016 24852 64928 1769 97262 57530 73277 67264 77048 3695 732 32136 65249 69781 86213 95736 53980 85392 90930 67495 67415 50097 56849 54820 32265 20135 13924 66618 89184 81335 96735 29623 17905 18543 2446 16444 7229 46024 3920 46969 59147 53564 19915 12676 67220 16257 69307 92748 84564 27933 63356 82284 62433 55625 3431 47710 82329 62475 31721 70194 11508 21854 8148 14913 11943 80117 29897 66039 3566 16654 96596 47667 30442 42601 33882 27192 78265 58196 61492 82048 75386 12607 56051 27807 64367 71556 51415 13652 86285 36989 64697 1287 8505 59534 4816 10297 5040 58371 11877 52118 56635 14063 30781 58238 53279 30482 15487 20910 24078 67256 36840 11249 71657 40958 76945 95116 32481 6224 78692 28658 41558 37332 40625 92192 93659 89688 12629 21031 32338 18915 69520 62242 95597 61576 46810 6781 6313 72934 37025 77464 28692 94323 45755 77850 25276 45366 83325 51673 41845 98226 5142 46018 53364 82836 2289 2845 57178 34045 72444 33465 82693 41384 43905 17141 47665 42255 4667 79785 83371 12505 55717 93440 1934 92883 15662 80007 2269 35119 53434 64019 36502 21314 94162 49865 65330 54833 37998 73046 78019 13201 46856 60927 68538 70533 68168 8112 4392 58303 8465 84739 41908 45828 52268 34085 38748 3705 92645 42539 71784 2386 1624 99043 24178 24552 95379 69479 75403 46618 1023 42071 23724 85089 21984 67938 40609 12995 68130 10577 59451 69680 65808 78216 70794 22581 77446 57710 70412 47233 38768 8525 81335 76440 89408 20474 18376 54190 92107 19586 68830 48225 62876 21993 42258 85129 34561 71933 40992 76036 88491 21909 79313 702 2188 27099 17247 93187 28221 47545 25500 12449 12455 20700 73654 40421 29833 9508 4467 16598 18542 22707 24963 84718 48942 70194 34621 65948 96886 45354 32999 57480 7595 54130 44154 99053 38928 1501 67818 47366 74134 48200 46286 24334 86593 16993 53040 33148 62324 6718 8125 3482 55676 17201 87865 81145 29067 51064 88275 16091 9561 18437 51286 36211 43119 4391 12451 73710 42017 76490 82243 5012 60257 26324 76502 73433 97904 41579 39230 47936 31768 60322 31064 6168 61396 37929 87612 79410 74610 35815 79614 47901 60542 91440 74464 83740 7569 21193 75029 72159 77303 47572 97276 56453 36517 45086 18243 28844 27145 88705 17377 9314 55922 29842 73960 76505 33283 59204 45599 70494 53772 94099 65356 38197 47910 2366 78732 84384 15069 21257 70992 93112 13555 74491 95301 22586 79571 50169 84015 44466 19706 89273 61965 29480 8649 95559 41582 60602 80835 55645 80567 61326 78538 4691 97712 9040 95151 79408 21872 93795 76812 60412 25689 25304 88220 44093 38754 66529 17718 12818 87069 20975 26968 72593 42393 28970 98592 97764 4830 23561 37620 56533 57651 80148 35859 75491 67321 55766 1605 67371 36182 65901 50618 87111 11654 6121 2450 67211 70042 79772 37821 98464 67754 77348 50184 92632 43659 90583 35901 35357 20004 99969 81727 70051 5948 19783 26929 17607 4195 8461 51311 72606 37941 82432 78572 77317 58432 49791 91506 34957 39027 45419 25491 45092 5251 83832 69153 27219 86052 84853 91591 23985 
1002
848
1254
593
641
423
569
682
970
359
99
728
929
1222
1284
637
32
397
66
929
1338
1294
1206
188
65
248
725
365
437
1430
1411
956
1229
696
1049
360
1401
464
802
586
1261
699
1295
724
1434
1
1218
1301
1357
260
178
990
1366
1120
396
1111
488
261
1291
210
143
151
1218
1010
642
408
1128
415
968
1077
1479
1124
617
136
826
356
1013
618
531
1137
1226
987
1083
989
186
707
781
1431
1094
32
948
620
327
1012
993
483
517
350
1151
283
861
1207
505
226
1028
1004
485
1331
279
1491
1034
447
1073
525
655
424
673
1395
682
411
418
470
1483
415
1056
498
630
1429
1003
596
941
1250
669
921
741
1194
540
337
933
169
773
1363
1379
378
179
44
624
1024
283
292
495
1423
1236
758
1253
720
488
371
97
418
111
790
675
1254
802
569
495
154
512
1394
218
1129
363
537
581
1037
472
851
1486
1150
622
155
632
1428
1284
392
435
1007
624
1260
34
945
539
475
186
240
1026
975
250
204
1486
60
1474
1072
190
1231
907
893
963
301
694
271
989
360
904
338
1067
1410
496
360
651
284
845
1285
969
1200
365
895
623
1228
958
150
1344
44
41
1009
885
1356
1407
371
825
147
1003
784
1366
16
340
713
700
1373
873
1291
1158
611
886
956
562
65
1177
1259
532
909
1018
774
856
303
938
827
1091
1029
981
1310
575
1042
1393
1196
1023
1074
61
787
722
754
1247
176
863
835
302
1039
1101
1027
150
322
308
42
707
967
1425
1090
327
335
473
556
949
1014
25
1302
581
552
930
1474
644
1460
1068
679
1114
661
286
691
1497
713
909
1468
1487
848
183
1300
844
761
434
1367
1300
592
241
1085
1469
860
462
801
197
1101
487
333
568
364
337
1324
385
262
899
755
110
1173
1182
1268
1410
1190
374
122
536
1229
62
14
279
760
145
1409
560
1321
842
53
1077
739
1142
440
1140
1463
1414
634
52
618
86
568
1286
1140
358
1493
789
1190
883
832
56
875
883
700
760
1334
946
543
1012
1060
409
779
344
457
1084
1097
46
267
1286
1054
1160
1491
179
776
1202
751
1282
1067
1121
95
1163
921
960
1366
201
240
1379
408
531
569
742
623
809
633
430
293
1097
310
1491
1292
1095
1212
1065
1470
435
194
731
533
515
1126
780
353
1372
1400
653
1370
1458
923
1212
791
626
1034
755
1447
740
895
1383
332
1469
658
448
689
71
294
352
750
862
810
284
304
1277
814
862
904
1183
1321
1423
285
232
585
1208
1500
569
660
298
1001
553
1121
1330
557
1058
1045
550
853
1048
1147
827
523
657
1023
1155
1468
1454
687
184
960
1323
272
1434
540
693
761
1491
54
1221
233
284
1171
15
436
329
981
681
492
880
1082
169
1254
741
816
1074
309
702
153
693
1473
637
638
1268
216
648
1044
38
771
259
951
657
288
824
1303
266
379
1363
1078
372
1323
616
1281
619
42
1375
1154
318
912
1306
638
852
1080
266
779
1198
719
176
522
975
305
790
401
1173
833
190
103
592
349
1407
814
824
871
1095
867
816
1323
643
1292
1452
775
209
215
355
355
758
986
530
829
935
1003
1285
1326
1399
678
628
30
1278
1324
723
465
199
1162
309
629
438
276
1043
752
689
475
1207
1298
1448
810
569
1098
1355
100
86
1476
617
584
1343
972
19
76
576
545
1015
551
266
277
1103
687
282
1143
895
35
974
608
1293
275
189
127
534
1294
1071
1341
658
908
167
1127
1286
966
1270
908
1206
735
255
209
832
683
496
1436
1281
528
1205
532
162
883
1046
997
1456
1117
1047
1046
462
1266
893
305
882
827
851
1420
931
355
233
1213
402
516
1200
196
929
448
716
720
1217
519
1086
112
284
412
490
480
224
742
784
1151
357
973
1217
459
1235
310
156
758
626
1050
465
864
1279
630
1175
725
892
555
1446
356
578
1015
1033
31
1054
790
234
900
892
154
1336
988
472
231
238
1136
1409
144
525
754
210
421
1002
1471
1067
350
83
952
103
1029
943
48
1337
139
1245
338
961
67
519
394
1265
125
459
704
353
870
1152
427
96
1261
712
376
692
580
1224
1201
1168
732
567
757
584
906
369
1386
592
1309
677
17
249
376
1432
439
206
132
729
1125
298
345
785
621
746
1254
1025
661
249
158
1435
921
1013
968
309
845
580
295
881
1417
952
389
170
566
1157
659
33
1112
1416
70
500
350
88
1147
1398
1443
342
153
889
427
838
1208
1176
1430
270
250
10
562
1244
719
770
1179
25
1276
172
1091
1030
1159
404
943
79
773
434
1349
657
195
1242
44
1317
639
1366
392
632
402
964
268
1448
842
531
358
159
1137
138
1315
1400
1432
607
35
1107
1025
1190
321
1009
1063
373
992
701
455
581
596
441
1026
371
499
717
1326
1414
1485
778
408
905
1390
131
47
872
1487
857
780
544
374
1149
377
840
1251
1186
677
1324
60
1066
395
1415
788
1324
1305
1007
1434
157
1367
261
173
502
338
1001
484
1411
778
1228
1023
969
789
836
442
1443
462
624
1333
749
348
441
191
1108
1003
447
859
488
1217
1177
1037
111
60
552
568
1038
1135
755
1229
1473
862
267
760
1170
530
1483
764
776
1095
1363
1242
111
553
632
499
693
233
37
929
326
350
1108
375
528
580
1152
814
1454
864
1144
885
895
184
1123
281
1081
339
537
1484
1341
908
413
1380
398
420
505
99
611
101
15
44
1023
108
1039
1066
1137
418
565
1475
502
448
753
1084
397
755
575
1253
1460
9
669
1006
575
572
432
183
672
583
1258
426
1430
778
118
986
1064
910
1045
1339
894
1359
279
296
690
73
441
944
991
551
85
623
993
1344
999
1154
931
914
1415
567
1176
981
1057
133
383
1373
70
169
327
913
1230
988
915
1367
1379
46
897
58
70
64
1177
341
1231
81
241
305
390
142
178
1087
365
1193
945
220
1171
1079
1162
956
705
855
840
1165
167
1151
873
938
1026
853
1163
285
1069
1099
669
888
1069
528
98
1321
339
314
1476
859
578
341
979
864
1388
1459
1420
663
1080
861
734
310
1123
1500
730
709
1491
904
506
1030
370
1387
85
267
766
725
744
930
1140
1164
877
681
1459
190
1174
703
1438
1042
320
137
461
230
564
783
914
1087
161
1126
928
947
309
1382
602
217
419
192
1104
965
770
781
660
1397
1235
1327
907
795
839
468
1461
1393
402
602
164
432
652
491
460
77
187
1377
1197
1011
168
181
948
138
327
402
709
709
277
641
75
660
511
150
418
810
1497
348
52
1383
1110
711
908
1108
883
1007
444
1089
1305
1394
265
1174
767
1284
53
1163
146
992
1296
1159
654
109
247
775
159
1321
1016
1379
539
94
789
1307
562
509
1022
428
985
151
324
718
1023
32
30
659
1417
343
423
1083
328
892
1450
1085
211
711
1286
1121
1448
643
416
1308
714
1036
197
605
680
846
172
1449
610
523
375
115
711
178
1330
91
469
790
1411
237
538
419
1084
831
492
240
316
1328
1394
1077
157
323
577
100
525
418
30
1086
396
1004
1155
1406
716
720
245
26
38
1347
986
762
1444
427
1487
114
856
223
332
1139
48
639
754
119
96
477
894
571
1431
257
791
866
918
1204
327
965
880
929
389
1466
1199
89
604
680
1270
298
987
160
265
1370
352
1284
795
1022
787
256
440
826
560
1245
304
977
246
313
475
384
57
700
178
1291
1395
1424
208
252
961
1437
565
1464
991
765
1099
361
1089
1157
903
945
1015
672
984
802
1161
1002
142
963
95
1424
1460
347
412
592
271
150
730
1373
103
558
1387
1451
566
191
566
1464
1042
684
730
1099
891
1482
1347
420
625
1093
32
199
1394
1301
557
514
1131
1032
895
894
555
99
188
523
60
14
340
270
509
419
1345
1450
813
1247
138
1393
303
124
194
1456
782
1443
748
35
551
1137
1416
977
1106
210
793
382
1434
1108
1497
102
239
232
366
282
276
54
5
1244
1452
1256
1383
48
515
38
762
899
62
610
813
0
501
690
914
787
1421
435
466
1185
1027
182
963
283
1301
1410
668
863
12
177
678
1121
1275
1147
1371
1478
737
229
1044
912
1238
1452
684
292
1230
894
252
1169
932
257
67
1467
1089
1051
966
448
653
1473
1265
605
677
884
511
616
784
42
253
358
590
810
1212
724
856
930
652
210
550
250
776
74
1103
1195
1497
830
1364
303
865
1280
847
18
897
991
82
951
456
991
270
403
225
622
463
383
156
259
1487
1150
951
239
90
493
48
1372
1062
708
1041
1421
452
1239
1107
818
414
1112
1415
1203
1226
1178
941
484
1129
163
1406
565
898
62
1136
966
1065
285
1041
353
1280
1473
19
614
475
527
1104
403
139
214
388
399
1057
887
519
1002
207
1153
976
457
354
744
632
259
1494
633
358
1487
1032
301
487
505
909
743
1169
553
771
684
57
39
436
795
1420
103
956
342
785
1134
7
166
973
642
831
1153
155
56
897
1479
906
1400
15
38
563
1017
179
126
870
1023
931
413
881
981
845
874
748
1089
488
466
1332
1009
884
1244
151
20
981
373
468
1418
624
45
153
827
1231
209
1154
1005
250
1146
810
1067
496
695
232
1260
488
524
1396
505
358
1297
401
803
875
1142
384
319
337
427
1003
1110
807
655
861
1464
830
8
409
43
1240
868
213
1387
400
283
956
1476
1445
373
399
205
10
184
1413
878
1176
501
926
583
1330
1201
513
882
1297
1045
1417
645
649
302
985
420
935
411
377
1302
1268
1250
830
968
493
673
1405
209
291
1136
1144
122
1350
290
541
422
1095
666
387
1273
872
1122
399
588
1093
911
0
1479
475
1092
677
608
1017
640
1203
444
6
334
612
172
831
1395
783
1485
194
1060
240
1062
885
1357
1002
444
1395
67
230
177
620
401
565
716
1336
1368
985
1163
617
1099
1477
1260
1343
549
1213
929
638
1316
1354
734
1039
1217
538
60
516
1075
1495
1350
1158
222
469
517
1054
155
1029
238
1262
905
911
84
515
223
336
1394
453
57
263
6
495
1026
1114
11
17
1266
141
1235
337
232
671
1407
732
1292
682
687
444
443
1150
1007
199
431
547
967
1103
82
377
721
1001
1325
1488
1187
1497
1018
651
1269
1406
1410
506
375
996
1352
450
726
966
1054
536
622
368
1285
1254
1067
992
1005
759
304
1149
1087
1315
58
461
320
312
234
1372
1144
613
875
974
738
817
608
12
1377
1014
249
336
880
474
593
1323
126
1238
421
1464
1056
1335
1344
731
6
929
367
1307
236
1240
236
272
283
1308
715
1377
1335
813
113
135
254
205
1139
503
1163
1017
1472
479
665
1431
454
31
1027
572
446
312
414
1
273
220
1230
171
1081
1491
1038
1289
95
1500
1224
1001
1007
618
1286
463
1387
97
231
1413
1306
694
565
205
361
165
1032
59
1111
101
1077
1295
783
1380
1390
447
789
565
1244
598
1331
1484
201
1127
547
1464
689
1473
1085
671
211
1273
1500
1490
1486
1029
1344
429
648
579
821
1202
625
1156
530
491
1412
627
439
228
1044
1289
712
1261
1338
1225
40
1247
405
1222
174
762
1178
1179
1179
1014
1385
755
1017
774
1269
1463
754
143
755
1200
21
1090
1022
1178
1344
433
1111
1493
492
1425
175
883
854
660
421
675
1392
723
127
75
695
227
1334
488
1210
379
848
206
18
316
641
1089
335
815
855
1061
467
357
984
579
392
399
797
1262
30
783
586
484
572
746
736
569
305
771
43
1188
597
941
588
1105
1303
1015
1038
618
524
12
649
503
268
1488
155
481
1007
1251
1096
895
238
1097
529
318
240
1301
774
418
404
1440
586
1309
742
824
398
511
623
1442
1094
838
1343
1087
950
517
1012
1071
83
120
1148
620
1412
1444
118
547
314
849
1052
101
1165
1114
470
1273
177
929
422
265
931
581
1482
759
504
1291
789
275
192
1124
1451
41
1097
400
1379
546
824
207
136
1155
968
507
50
1477
365
1169
1345
65
9
1110
1316
1372
502
1074
615
436
754
1443
1340
627
931
234
158
1183
145
393
750
9
1369
1429
1269
1076
1066
857
89
131
173
614
637
260
797
1158
1334
676
397
732
1090
1048
1208
1337
501
300
445
1499
604
1151
1483
597
201
1091
12
1038
1181
1316
1387
1072
1206
689
480
162
1346
1101
375
493
69
1309
803
1405
1
1354
1363
793
1248
253
911
960
837
1500
651
32
251
178
1107
1050
1186
126
167
580
648
609
643
1342
1126
200
1163
376
971
926
654
534
927
1414
1111
1458
17
247
269
200
819
558
224
985
1032
302
1169
646
673
891
100
60
632
171
144
577
337
1113
774
782
52
522
378
1306
1347
37
950
250
6
226
550
1416
1359
1433
890
360
1327
396
1312
1443
492
1101
663
645
524
1327
719
1470
135
32
117
888
1083
1278
1429
234
137
853
595
321
358
1345
465
460
843
1124
700
1394
865
1150
865
1462
1400
889
1043
1256
932
1112
1498
668
1099
216
1203
93
507
463
89
1340
1450
283
97
958
13
745
1039
1487
1188
1039
946
202
92
858
1223
1367
159
1114
1466
414
261
191
741
1240
315
1488
147
328
307
247
1062
1012
1405
493
914
984
505
1146
1217
1223
299
563
1194
1371
1062
46
446
129
1414
482
402
167
257
1154
249
294
132
997
870
1176
886
1309
829
826
440
1116
335
633
1489
891
196
952
1032
592
1439
1006
1495
1318
525
1389
1190
1267
987
1343
802
959
1037
1043
1195
10
419
797
662
203
1031
407
479
395
243
197
1466
533
438
1324
1148
476
526
477
726
1315
827
214
775
707
1006
1441
1270
604
298
1424
555
1020
733
488
793
346
1259
1478
827
299
1402
1091
1026
64
1266
113
532
1174
1360
431
1115
1436
747
272
1185
1020
315
1324
946
997
1376
930
519
858
1054
1084
790
109
1001
1233
55
769
1487
962
1491
477
1297
64
634
1235
637
1172
1003
1270
168
1094
1354
856
1182
194
42
836
105
1335
708
1120
787
557
324
629
1196
1170
111
833
695
836
1156
162
576
837
747
987
443
906
720
1482
490
255
704
98
1341
439
1128
1410
1238
1333
97
169
554
564
1325
1487
348
850
728
1082
667
626
1057
313
362
530
32
1281
380
673
744
1162
206
418
363
1061
543
1233
1055
717
257
1497
399
984
459
1064
668
894
219
582
30
336
443
700
750
84
1183
11
1434
393
251
870
106
963
278
1381
301
863
1282
1223
1221
906
545
964
967
706
112
760
151
392
351
423
487
78
176
409
377
727
4
40
91
1294
1232
681
1471
172
1484
861
740
501
8
1110
945
756
520
570
1201
130
369
790
912
1261
586
80
1346
957
191
1306
985
1190
814
445
509
249
1407
1380
565
78
1497
134
1336
1471
60
334
952
814
1446
189
741
1418
923
997
1080
684
1453
875
256
218
1362
395
1471
1271
300
115
60
1295
443
308
777
610
281
328
574
198
755
314
1457
160
68
1161
1006
