157334897
753702190
133805620
632641843
1386524238
126904923
1275022563
1026317379
532012304
110524266
1112733559
1176003722
272061065
52364114
922879083
1582334815
1794490821
1055459731
1502761817
1938727201
1159309491
732310810
392238158
128915695
1954055024
1457336352
932996500
1105823754
774071656
82271008
60366418
1804276852
192676667
597195578
42298628
738082680
190383684
279661929
483959378
1707957301
1984986694
1900049296
425814472
1639206881
488071590
1980120871
1289123469
672994598
317203100
1370784673
14926565
1865264794
865753829
704948708
1833361935
1216137873
1277053355
106785890
50542377
1630074803
321865645
638813536
1509451326
431954684
1188908749
39592205
1504818378
1920117878
1424233960
665696330
