210514
609156
810078
111947
12430
933621
824412
435264
587083
920664
866377
679301
170492
275198
308052
782011
755248
503551
328750
244556
819938
572172
388614
963173
926309
357188
820249
186638
566474
406889
606259
91933
759607
210020
831789
116803
132261
827546
852242
542682
298413
797283
17308
336876
515130
962371
170769
276215
362404
864460
752474
756988
169281
400641
719558
938560
235135
376063
917931
249794
408242
422338
750273
902497
767009
741049
197048
569378
65610
518458
228797
857556
220452
