252225
443809
183859
199532
310472
305858
779981
31451
852581
79253
281458
797516
414970
937669
101182
14065
589643
422803
119408
47027
95306
418808
512024
284650
705281
705814
37827
683256
743736
313025
140099
157407
455256
202459
113918
857891
379260
708702
39225
1508
548295
293943
691346
733573
302100
981480
165166
810657
637272
706808
588506
376530
711638
798680
88386
849789
487440
622983
983369
204219
41178
543140
510485
213349
266166
826664
165123
934330
178455
155242
718474
584049
999737
673397
202967
770504
865879
889613
382070
758452
642560
774196
547728
720741
635844
567128
943864
440684
17454
941979
636920
209413
739306
897029
26733
842487
64276
