492560504
308367276
928024866
718282265
764918820
1373294219
1154278376
547380111
1203799646
1827141200
1649803999
584229544
709707156
565618554
1167043326
798458593
513322925
1120168074
1870098253
307934728
287226507
98133403
236268197
1283602888
1164810207
1469765550
1883929991
1596075356
1775562814
1974995054
635977048
1814248045
1712614567
1883346383
430150017
288297757
377253771
1465411986
1708925813
707075124
1430096066
1395626905
151754249
1309442358
357078130
1584251788
1233029919
1669712277
203821857
1441629595
99892342
1389366487
742645662
213653866
224342595
534611122
576461072
