99630403
114158360
85214331
876161973
741285801
1979674334
1812255163
105288395
1859422140
1664087571
429605226
1056055591
1467739455
258330753
214612425
91408516
110671012
1061638248
923786086
1177056613
1436753577
205271420
760253369
38197684
1141461456
816244451
1070176031
269625951
1363355243
1187105446
210164435
262167672
409170394
539757671
1425897640
458095657
1330248915
1956018745
132488534
520914829
857325439
738471194
1758743747
566491255
435062069
1538770962
1230423211
209380815
602556330
718043269
1714763550
1239329431
88979410
407976580
50031092
811437089
881604598
275765314
1071974474
968759345
1125027824
