1366486286
317323696
1696424687
934647951
506380863
291461271
665936495
571164194
296309821
523290237
1957406891
1666611205
1117149076
240335794
867345214
105490847
1577364944
238882056
837064065
1185448812
1071435212
493944886
1274708706
33707237
1952296089
1405371152
1784996305
1503194816
1602237093
289210385
435611509
870569314
262208791
207763138
1933025079
599269184
1834317826
388085673
764914926
77813484
466582119
709943267
106134641
851734674
191017894
1596025493
508531549
325579659
276718426
179482553
1052418517
1089349161
1967896130
