95
50 25
92 70
54 64
17 43
81 29
70 41
98 66
20 3
22 62
83 39
12 44
92 5
76 71
56 68
26 21
3 18
86 20
21 4
53 68
88 76
23 85
16 99
46 29
100 92
80 45
34 82
46 84
89 71
15 85
83 58
15 52
36 25
69 39
29 22
56 43
37 86
99 27
47 30
97 95
75 16
56 51
91 82
83 32
63 20
91 29
76 83
37 17
32 74
63 12
36 36
55 87
100 38
57 59
83 82
24 24
94 40
7 22
90 47
82 47
35 85
38 32
33 97
6 53
86 44
58 12
63 16
95 58
12 51
38 61
33 15
59 93
92 97
89 28
7 22
95 70
89 23
4 75
14 36
7 84
49 96
10 15
83 22
24 77
65 16
12 3
34 63
78 33
39 63
61 23
26 20
62 38
67 22
99 20
36 74
36 70
